---------- 1 ~ 100 ----------
 0 69 199 67 197 66 0 68 198 65 - 196
64 195 63 180 37 184 38 185 36
183 35 178 34 182 33 167 31 176 32 - 168
29 175 30 181 64 199 84 5 86
 4 70 3 67 1 69 198 83 196 62 - 195
65 0 71 7 89 8 93 9 90
 10 100 11 101 13 95 14 102 15 96 - 16
103 12 99 21 98 19 123 20 105
 17 97 18 104 11 91 7 69 5 68 - 2
66 198 70 199 114 0 84 6 88
 ---------- 101 ~ 200 ----------
 8 121 9 97 10 102 13 104 14 101 - 12
94 18 103 11 71 5 99 22 100
 15 105 16 93 6 68 197 64 183 65 - 1
115 0 67 196 118 12 102 9 72
 10 121 7 92 8 120 6 87 3 98 - 20
99 13 107 19 97 2 116 4 69
197 83 5 67 198 84 11 70 8 72 - 119
17 96 22 109 194 61 195 117 10
 71 3 97 0 85 1 66 183 37 185 - 39
187 38 186 78 125 77 184 35 173
 ---------- 201 ~ 300 ----------
 34 167 32 177 33 166 27 179 36 175 - 52
176 30 169 31 181 65 182 64 198
114 192 113 191 108 14 92 13 73 120 - 7
101 16 104 189 112 190 106 188 39
186 76 185 79 187 111 194 62 178 36 - 184
94 11 98 183 33 168 31 170 35
188 37 179 89 18 122 75 123 76 182 - 91
5 100 23 99 8 69 2 115 7
 73 14 110 196 82 4 67 181 96 10 - 70
116 9 71 199 68 3 92 191 107
 ---------- 301 ~ 400 ----------
 15 90 7 87 13 109 185 34 172 25 - 102
187 36 186 77 124 78 189 105 190
111 188 38 183 93 193 60 194 94 179 - 63
199 85 10 99 4 66 182 29 181
 90 20 95 12 71 117 11 121 74 15 - 122
72 2 85 130 84 129 81 127 80
187 112 191 40 185 101 17 103 190 113 - 68
7 98 26 173 33 165 32 184 75 
186 97 24 100 6 72 199 119 73 0 - 70
1 89 11 74 16 106 19 91 17
 ---------- 401 ~ 500 ----------
122 10 116 3 100 184 110 194 81 191 - 93
22 114 69 9 95 180 58 192 108
190 101 23 177 86 14 107 197 118 18 - 88
20 104 193 59 179 26 103 13 71
121 31 175 35 187 110 185 72 120 74 - 17
106 9 88 5 119 198 113 15 85
197 80 126 79 128 82 174 28 180 65 - 2
70 6 99 188 77 183 107 190 39
167 40 169 42 186 33 170 30 121 72 - 1
64 177 92 193 108 13 75 119 21
 ---------- 501 ~ 600 ----------
123 16 102 27 172 46 173 87 131 86 - 176
36 189 39 191 114 68 195 80 125
 75 19 104 6 67 112 4 71 198 82 - 8
117 3 95 196 63 182 94 10 91
 12 86 16 75 183 78 123 73 17 100 - 185
41 169 34 189 111 66 110 186 37
190 102 28 170 43 171 29 180 91 188 - 103
22 90 4 93 178 25 173 83 128
 78 185 111 16 88 14 122 76 15 72 - 116
194 118 71 8 98 1 75 18 110
 ---------- 601 ~ 700 ----------
 2 91 181 106 195 109 183 62 177 56 - 179
35 171 24 89 13 72 11 122 12
 70 115 199 113 189 38 168 41 187 105 - 4
83 175 50 174 27 103 15 109 66
128 67 178 22 176 93 10 73 117 69 - 3
115 192 40 166 29 169 36 174 85
 17 76 124 24 177 95 7 114 71 184 - 31
186 90 8 94 178 55 175 87 19
 74 181 27 117 196 105 192 93 15 88 - 131
89 198 96 1 116 61 193 107 25
 ---------- 701 ~ 800 ----------
100 182 32 121 78 126 82 194 40 188 - 109
5 104 7 81 172 86 199 65 108
185 74 9 89 23 171 32 173 49 189 - 98
2 64 128 76 22 177 102 24 94
175 27 183 92 20 75 120 198 63 127 - 77
119 7 99 28 173 53 177 29 164 
 33 190 35 167 41 186 112 69 115 68 - 4
87 21 77 2 122 32 170 25 179
 92 1 101 19 176 62 129 86 10 69 - 118
195 110 193 40 187 106 64 184 76
 ---------- 801 ~ 900 ----------
 4 103 9 73 5 81 124 79 190 104 - 182
108 16 72 14 85 12 97 181 60
195 94 185 90 131 83 127 65 194 39 - 166
32 175 20 74 0 119 13 84 16
 78 184 106 180 24 76 118 4 96 9 - 94
173 81 195 104 3 123 80 128 75
185 42 166 28 178 86 190 40 181 105 - 63
0 113 69 196 66 180 98 186 43
169 82 172 88 182 26 92 12 73 114 - 15
71 122 9 117 193 67 110 1 68
 ---------- 901 ~ 1000 ----------
116 192 38 195 41 170 22 91 131 63 - 197
119 24 77 181 69 184 99 198 62
180 105 6 71 17 78 120 70 111 0 - 89
10 167 28 101 9 85 128 65 185
 29 108 20 77 129 68 8 91 176 54 - 175
19 78 127 84 170 34 187 31 161
 36 125 83 12 104 185 73 21 171 14 - 75
181 101 61 115 72 118 13 76 23
124 4 107 189 80 173 16 85 129 65 - 109
184 34 165 30 171 28 187 82 130
 ---------- 1001 ~ 1100 ----------
 63 178 102 60 117 26 174 18 72 124 - 11
87 128 68 184 39 169 83 129 21
104 181 25 75 5 92 175 61 100 30 - 187
46 168 26 90 133 69 6 164 31
185 116 71 119 196 41 182 95 174 56 - 191
35 80 170 37 189 52 177 89 180
 22 105 179 58 96 192 57 178 88 132 - 70
14 126 86 13 93 182 97 5 117
 78 190 36 81 122 74 118 16 172 94 - 29
102 6 116 18 77 28 181 61 129
 ---------- 1101 ~ 1200 ----------
 69 110 180 36 194 63 106 32 191 34 - 163
40 168 11 88 187 109 48 188 112
 19 92 21 74 126 66 184 102 8 165 - 81
166 43 4 119 76 3 65 125 79 
 33 121 0 42 199 120 9 168 30 189 - 40
186 35 112 68 182 59 98 58 99
181 66 132 89 130 64 105 194 79 16 - 174
83 13 170 29 119 15 73 113 188
 87 20 128 77 26 74 14 172 22 78 - 2
103 177 67 7 97 199 91 174 61
 ---------- 1201 ~ 1300 ----------
117 76 126 81 123 83 170 23 75 12 - 87
2 42 163 32 183 115 186 44 168
 19 178 37 167 47 171 80 192 107 198 - 104
65 112 197 113 22 72 114 59 118
 60 127 86 8 96 186 111 191 57 175 - 17
93 31 166 48 110 23 176 107 63
 1 42 187 27 188 89 25 183 116 77 - 185
98 4 85 169 88 19 121 13 82
 37 193 34 102 63 126 87 0 120 62 - 131
92 173 27 75 129 67 108 189 51
 ---------- 1301 ~ 1400 ----------
169 12 72 19 76 25 175 90 13 125 - 15
170 11 102 5 77 31 171 92 130
 62 116 186 28 91 132 22 80 185 117 - 19
95 58 182 79 119 23 104 1 106
 65 179 114 195 35 157 3 118 192 31 - 78
10 84 122 60 103 178 21 81 25
101 197 109 181 85 168 34 79 162 38 - 190
48 174 32 107 18 123 71 111 20
176 15 95 198 109 179 73 16 70 134 - 91
6 163 37 191 115 67 127 82 122
 ---------- 1401 ~ 1500 ----------
 77 25 171 10 165 38 104 33 169 27 - 167
50 170 26 76 129 93 199 40 158
 30 105 66 131 94 133 89 17 178 23 - 84
124 49 172 95 59 97 187 116 78
160 37 81 132 64 185 33 192 35 189 - 26
176 82 38 197 62 103 183 108 175
 98 179 21 72 7 164 80 15 77 3 - 90
129 18 85 135 92 10 81 189 118
 31 79 115 178 24 75 28 109 192 102 - 185
122 16 169 52 168 35 83 130 60
 ---------- 1501 ~ 1600 ----------
101 2 154 36 167 84 1 155 29 186 - 32
77 13 172 40 123 74 112 175 28 
168 83 121 76 21 86 3 161 42 170 - 19
181 107 60 182 116 180 20 79 8
126 90 198 61 98 6 43 163 81 4 - 108
199 149 0 102 193 95 132 69 111
 50 188 26 75 117 191 29 172 56 178 - 110
197 41 165 5 80 133 63 118 28
 74 125 48 189 103 59 194 93 134 67 - 130
19 172 12 84 120 187 85 131 96
 ---------- 1601 ~ 1700 ----------
 34 78 114 180 113 196 39 181 55 191 - 27
91 127 64 101 186 107 43 5 66
104 10 123 184 65 134 72 110 47 190 - 54
167 30 79 23 173 58 97 8 164
 78 170 24 182 22 128 81 38 199 98 - 13
94 1 88 127 21 80 19 83 36
158 29 90 16 115 76 125 190 41 2 - 153
0 99 60 121 85 171 13 167 86
130 24 78 29 165 83 184 114 178 16 - 97
62 108 47 166 6 73 18 182 105
 ---------- 1701 ~ 1800 ----------
197 100 175 115 193 39 163 30 190 128 - 59
94 136 84 4 166 80 114 194 33
110 64 107 8 113 36 162 32 76 130 - 96
189 25 177 117 70 139 97 134 95
 35 185 103 31 122 187 43 7 83 37 - 181
110 75 15 91 21 79 159 34 190
115 22 71 180 52 174 12 100 198 149 - 197
40 82 119 25 168 5 124 87 17
 66 175 49 188 31 75 189 42 164 10 - 173
112 196 102 65 135 95 6 167 79
 ---------- 1801 ~ 1900 ----------
129 89 127 15 165 25 190 92 57 93 - 137
88 24 172 113 67 16 176 21 82
 39 84 35 109 46 175 85 3 41 115 - 27
73 26 116 188 125 182 119 63 181
122 34 197 90 23 184 108 69 107 196 - 35
85 118 81 14 82 131 21 183 123
180 67 9 128 63 175 119 185 106 23 - 69
193 30 157 38 80 122 87 179 60
171 22 124 66 199 146 198 81 125 28 - 169
90 167 44 10 127 194 29 76 116
 ---------- 1901 ~ 2000 ---------- 
 82 36 103 192 129 72 141 196 60 119 - 14
178 83 124 13 153 33 198 156 3
 93 132 98 32 181 35 106 175 10 61 - 133
71 107 73 23 82 9 165 17 183
111 68 132 62 99 2 148 198 37 123 - 85
40 4 125 91 175 23 130 189 47
101 58 115 77 160 43 3 167 53 181 - 59
100 188 110 31 154 7 166 41 106
172 26 99 131 95 60 134 23 187 21 - 175
72 28 79 36 112 5 160 38 97
 ---------- 2001 ~ 2100 ----------
130 50 110 191 46 188 76 11 43 189 - 22
119 18 86 120 17 94 61 178 121
184 127 79 131 74 144 199 62 134 90 - 57
181 128 12 173 96 132 193 28 164
 32 120 76 157 1 114 81 20 178 51 - 124
92 9 44 12 123 175 84 36 119
 70 110 34 176 18 80 37 187 104 64 - 126
50 171 111 27 170 4 152 195 40
184 87 136 194 155 33 162 42 6 86 - 119
80 161 78 133 92 58 102 68 10
 ---------- 2101 ~ 2200 ----------
152 1 35 127 85 190 31 165 199 103 - 67
21 75 175 114 83 41 193 81 121
186 22 66 135 68 15 106 5 125 47 - 187
118 87 16 177 109 71 29 192 82
137 98 129 178 69 13 122 176 113 24 - 74
27 195 32 187 126 36 94 7 170
 52 190 21 128 183 43 100 141 97 60 - 115
172 78 163 2 95 57 89 4 63
 8 153 37 0 161 35 174 124 80 113 - 81
17 132 94 126 185 24 159 40 106
 ---------- 2201 ~ 2300 ----------
191 38 111 49 125 73 143 198 154 196 - 31
178 100 65 18 90 11 130 75 22
167 17 102 141 71 19 79 9 176 48 - 126
180 15 183 76 187 91 13 130 81
 35 152 198 145 2 123 72 140 90 124 - 189
114 25 67 133 16 171 89 126 31
 71 24 101 177 54 180 18 84 119 173 - 108
72 178 128 93 60 104 42 7 158
 1 164 45 94 5 82 27 132 102 3 - 111
33 77 156 19 122 91 58 193 25 
 ---------- 2301 ~ 2400 ----------
116 86 40 121 29 106 59 192 28 182 - 107
44 123 39 198 164 85 133 195 155
 64 136 99 65 23 166 26 125 66 98 - 138
63 109 0 35 158 4 148 1 32
189 134 79 37 112 170 21 64 108 7 - 40
81 164 30 161 198 150 0 159 77
147 5 171 41 6 75 124 19 183 70 - 32
156 38 4 97 46 190 99 133 83
115 20 131 177 111 82 33 163 7 124 - 35
121 59 172 3 126 179 19 187 100
 ---------- 2401 ~ 2500 ----------
 62 110 78 129 99 63 22 79 117 85 - 114
21 174 11 44 162 82 12 178 108
 39 98 131 18 157 197 167 7 60 113 - 26
69 31 89 14 166 198 42 192 127
 23 78 158 108 49 191 20 86 37 101 - 144
105 186 66 103 145 75 30 97 143
194 27 165 82 42 156 110 154 9 98 - 67
157 109 21 71 171 121 88 173 72
 17 126 172 33 193 124 29 179 62 175 - 128
84 196 26 63 96 0 165 79 39
 ---------- 2501 ~ 2600 ----------
 3 120 90 136 82 121 199 168 50 189 - 117
180 125 95 10 74 7 80 137 62
181 14 44 110 179 128 51 159 31 72 - 106
152 12 170 123 92 60 100 195 83
 2 40 107 65 28 78 148 104 184 16 - 164
26 180 57 169 77 117 172 7 96
197 139 94 27 66 178 85 38 6 111 - 153
28 64 131 49 2 60 128 184 124
 34 113 86 122 73 172 35 115 87 127 - 186
19 118 175 129 22 169 119 92 185
 ---------- 2601 ~ 2700 ----------
 15 66 99 47 173 5 61 91 168 2 - 75
156 63 103 138 85 186 102 21 69
179 16 181 23 160 107 155 34 77 121 - 50
190 42 86 24 68 32 169 81 116
195 25 72 135 22 184 60 105 168 6 - 59
119 157 37 7 128 171 93 136 104
 73 20 76 179 50 1 90 178 33 67 - 26
121 182 109 79 186 14 124 85 7
125 174 130 181 113 10 41 194 160 199 - 88 
57 97 68 196 150 13 80 25 128
 ---------- 2701 ~ 2800 ----------
100 1 119 28 104 48 123 62 187 45 - 106
22 162 194 151 6 118 179 23 72
 35 137 69 176 125 90 183 13 43 84 - 139
25 159 71 131 174 24 191 19 177
124 96 61 15 110 148 102 157 106 73 - 29
134 74 105 37 161 75 127 98 196
 56 176 59 135 99 41 0 30 192 22 - 188
118 78 112 185 123 77 191 31 109
 38 154 63 29 176 128 43 98 60 89 - 19
110 83 22 155 197 27 101 194 157